Linux 6.17.0-1026-nvidia (spark-a289) 	09/22/26 	_aarch64_	(20 CPU)

03:00:04     pswpin/s pswpout/s
03:10:01         0.00      0.00
03:20:04         0.00      0.00
Average:         0.00      0.00

03:00:04     pgpgin/s pgpgout/s   fault/s  majflt/s  pgfree/s pgscank/s pgscand/s pgsteal/s    %vmeff
03:10:01         0.00      6.67      3.14      0.00   1066.58      0.00      0.00      0.00      0.00
03:20:04     91938.27    154.44   2658.59      0.06   2555.39      0.00      0.00      0.00      0.00
Average:     46196.68     80.92   1337.44      0.03   1814.67      0.00      0.00      0.00      0.00

03:00:04    kbmemfree   kbavail kbmemused  %memused kbbuffers  kbcached  kbcommit   %commit  kbactive   kbinact   kbdirty  kbanonpg    kbslab  kbkstack   kbpgtbl  kbvmused
03:10:01    119792544 123365492   2709528      2.12     23040   4398656   1467264      1.02   1664732   2875296      2024    141632    676980      8592      9396    101132
03:20:04     26524876  31850660  91431052     71.65     24300   8449132   4728156      3.27   5929340   2942844        68   1216800   1171388      9056     21820    696104
Average:     73158710  77608076  47070290     36.89     23670   6423894   3097710      2.15   3797036   2909070      1046    679216    924184      8824     15608    398618

03:00:04    kbswpfree kbswpused  %swpused  kbswpcad   %swpcad
03:10:01     16777172        40      0.00         0      0.00
03:20:04     16777172        40      0.00         0      0.00
Average:     16777172        40      0.00         0      0.00

03:31:54     LINUX RESTART	(20 CPU)

03:40:07     pswpin/s pswpout/s
03:50:07         0.00      0.00
04:00:07         0.00      0.00
04:10:07         0.00      0.00
04:20:07         0.00      0.00
04:30:07         0.00      0.00
04:40:05         0.00      0.00
04:50:07         0.00      0.00
05:00:05         0.00      0.00
05:10:07         0.00      0.00
05:20:07         0.00      0.00
Average:         0.00      0.00

03:40:07     pgpgin/s pgpgout/s   fault/s  majflt/s  pgfree/s pgscank/s pgscand/s pgsteal/s    %vmeff
03:50:07         1.05      6.30      4.27      0.00   1047.37      0.00      0.00      0.00      0.00
04:00:07         0.11      4.11      2.29      0.00   1073.10      0.00      0.00      0.00      0.00
04:10:07         0.23     10.65     67.13      0.00   1121.31      0.00      0.00      0.00      0.00
04:20:07         0.01      8.46      3.06      0.00   1075.96      0.00      0.00      0.00      0.00
04:30:07         0.00      7.39      6.74      0.00   1139.30      0.00      0.00      0.00      0.00
04:40:05         7.33    418.99   4621.97      0.06   4621.08      0.00      0.00      0.00      0.00
04:50:07         0.00      3.34      2.26      0.00   1114.42      0.00      0.00      0.00      0.00
05:00:05         0.00      3.69      2.27      0.00   1030.98      0.00      0.00      0.00      0.00
05:10:07         0.00      5.05      5.44      0.00   1103.53      0.00      0.00      0.00      0.00
05:20:07     93860.71    134.46   2770.40      7.90   2644.49      0.00      0.00      0.00      0.00
Average:      9387.08     60.11    747.09      0.80   1596.04      0.00      0.00      0.00      0.00

03:40:07    kbmemfree   kbavail kbmemused  %memused kbbuffers  kbcached  kbcommit   %commit  kbactive   kbinact   kbdirty  kbanonpg    kbslab  kbkstack   kbpgtbl  kbvmused
03:50:07    123258808 123545136   2665076      2.09     82512   1142468   1368364      0.95    665840    684316         4    148380    451884      8944      7924     99808
04:00:07    123275552 123561968   2647832      2.08     82624   1142540   1368368      0.95    665936    684400         4    148448    452200      8896      7924     99748
04:10:07    123271876 123559244   2649580      2.08     82768   1142684   1368456      0.95    666280    684648       536    148492    453840      8928      7932     99820
04:20:07    123268576 123556056   2652672      2.08     82900   1142692   1368452      0.95    666276    684752         0    148576    453908      8912      7932     99772
04:30:07    123270564 123558244   2650416      2.08     83028   1142696   1368524      0.95    666256    684952       520    148628    454044      8960      7928     99848
04:40:05    123237816 123530544   2675248      2.10     83676   1146928   1368656      0.95    670116    686208       452    148892    457080      8864      8276     99672
04:50:07    123247140 123539964   2665744      2.09     83796   1146932   1368652      0.95    670152    686304         8    148956    457136      8944      8276     99744
05:00:05    123255600 123548568   2657076      2.08     83900   1146944   1368596      0.95    670448    686440         0    148812    457228      8896      8368     99752
05:10:07    123257644 123550760   2654736      2.08     84020   1146948   1368600      0.95    670604    686580       516    148980    457400      8960      8276     99856
05:20:07     29083460  32218924  91381816     71.62     85296   6079160   4505380      3.12   5772516    986028       108   1210196    971016      8992     21036    694116
Average:    113842704 114416941  11530020      9.04     83452   1637999   1682205      1.17   1178442    715463       215    254836    506574      8930      9387    159214

03:40:07    kbswpfree kbswpused  %swpused  kbswpcad   %swpcad
03:50:07     16777212         0      0.00         0      0.00
04:00:07     16777212         0      0.00         0      0.00
04:10:07     16777212         0      0.00         0      0.00
04:20:07     16777212         0      0.00         0      0.00
04:30:07     16777212         0      0.00         0      0.00
04:40:05     16777212         0      0.00         0      0.00
04:50:07     16777212         0      0.00         0      0.00
05:00:05     16777212         0      0.00         0      0.00
05:10:07     16777212         0      0.00         0      0.00
05:20:07     16777212         0      0.00         0      0.00
Average:     16777212         0      0.00         0      0.00
